 &PARAM
 NE      =         199,
 TEND    =   1.00000000000000     ,
 ZEX     =   9.66379451933349     ,
 Q1      =   3127.55530000000     ,
 Q2      =   3127.55530000000     ,
 Q3      =   40000.0000000000     ,
 I1      =  0.440967533067530     ,
 I2      =  0.440967533067530     ,
 TH1     =  0.000000000000000E+000,
 TH2     =  0.000000000000000E+000,
 A1      =   4.00000000000000     ,
 A2      =   4.00000000000000     ,
 DCIR1   =  0.000000000000000E+000,
 DCIR2   =  0.000000000000000E+000,
 R1      =  6.000000000000000E-002,
 R2      =  6.000000000000000E-002,
 F10     =  0.194503816187936     ,
 F20     =  0.194503816187936     ,
 F30     =  9.811241718391991E-002,
 P10     =   6.12029237570847     ,
 P20     =   6.12029237570847     ,
 P30     =   4.17069086636855     ,
 DT      =  5.000000000000000E-002,
 DZ      =  1.000000000000000E-002,
 PITCH   =   1.50000000000000     ,
 FTOL    =  1.000000000000000E-007,
 PTOL    =  1.000000000000000E-007,
 WC      = F,
 FOK     = T,
 INHARM  =           2,
 UKV     =   22.0000000000000     ,
 W_OP    =   176039144343.904     ,
 LENSM   = T,
 BTOD    = T,
 B1      =  0.514000000000000     ,
 B2      =  0.514000000000000     ,
 IATOI   = T,
 IA1     =   1.60000000000000     ,
 IA2     =   1.60000000000000     ,
 DTRB    =  0.550000000000000     ,  0.000000000000000E+000,
 DTRH    =  0.000000000000000E+000
 /
